420
582
481
163
123
87
745
211
707
466
826
657
428
577
370
365
991
885
172
529
270
463
36
470
808
454
713
383
542
572
541
940
109
447
272
271
902
326
665
336
76
291
600
836
971
430
313
466
255
25
552
469
882
839
70
526
633
760
687
752
929
518
79
203
47
694
124
340
976
209
856
745
157
706
418
472
452
114
182
746
711
858
242
420
156
727
838
593
480
814
859
154
537
541
893
899
577
996
585
140
296
466
40
311
674
750
775
465
580
219
774
568
651
397
89
803
520
695
475
43
493
186
307
382
866
673
855
560
790
850
459
574
420
3
704
427
765
570
320
780
897
555
796
716
311
397
461
140
452
189
916
914
764
484
974
11
287
923
670
159
924
662
970
934
637
372
27
774
454
147
129
907
889
100
948
379
714
527
64
817
371
624
547
467
536
274
433
6
514
117
950
803
154
465
188
40
121
785
709
591
833
842
304
951
9
804
678
113
21
443
45
268
100
786
471
253
414
486
834
654
474
112
583
540
964
784
966
502
401
961
108
433
630
241
979
504
20
633
747
362
51
48
897
118
800
5
839
195
991
604
270
282
468
428
687
990
384
422
444
142
400
359
289
940
107
765
739
459
315
164
636
43
380
331
554
839
5
142
795
543
275
418
603
457
578
169
163
391
883
489
619
330
711
1
925
960
490
621
604
914
948
356
519
567
292
630
781
941
437
52
488
693
199
181
199
263
519
229
49
561
580
967
935
108
596
388
859
518
31
676
482
16
731
854
776
884
490
482
116
628
469
183
245
589
987
327
253
317
434
532
566
564
109
112
85
430
224
988
93
849
476
851
283
598
191
693
376
582
240
733
808
842
578
785
190
681
981
667
957
919
898
108
589
455
445
884
461
974
157
848
561
175
974
103
111
663
40
185
422
737
997
74
305
356
482
874
307
507
579
306
327
632
471
906
399
428
812
500
577
294
725
51
632
183
404
636
651
821
669
866
254
92
296
100
285
212
157
434
218
791
835
192
668
391
407
572
727
104
794
99
146
334
683
548
967
545
13
693
496
122
473
784
167
995
504
58
144
647
242
438
786
471
957
141
971
56
972
134
374
849
309
299
355
20
859
296
855
512
836
649
263
753
408
789
854
820
6
606
807
751
476
960
784
220
777
442
876
296
675
422
443
845
384
393
798
240
781
754
969
734
563
160
585
671
479
685
394
158
396
503
450
248
297
636
410
995
339
64
607
951
223
239
291
574
269
317
600
651
428
484
91
670
450
766
425
96
214
308
704
403
641
582
795
359
90
532
502
756
695
546
653
965
583
564
251
63
490
220
291
40
510
231
11
529
524
914
968
342
388
396
790
869
404
384
748
214
664
755
108
998
352
703
986
219
631
522
226
292
107
972
935
833
493
908
914
666
961
988
286
104
252
386
472
632
889
587
173
612
690
515
382
366
715
322
242
131
366
533
281
79
358
586
466
115
534
644
210
406
919
848
197
323
342
458
263
425
897
22
389
282
986
732
834
81
545
146
387
433
327
994
359
800
507
968
70
770
683
992
525
736
943
589
829
507
635
812
737
417
667
124
931
184
76
318
447
147
720
463
942
650
122
840
339
752
317
257
289
951
22
282
668
180
895
963
56
626
799
355
133
810
365
470
696
518
498
608
619
366
260
816
904
378
751
701
555
660
803
117
102
127
211
868
764
690
216
953
735
469
990
155
758
555
667
712
393
951
26
316
331
139
795
553
275
402
833
577
974
205
533
936
353
640
276
704
440
263
267
240
483
643
615
919
445
664
861
414
161
230
789
881
5
682
455
446
105
399
245
697
109
75
661
412
146
429
650
584
268
813
521
46
668
505
295
778
924
236
548
990
254
24
590
244
671
731
734
649
279
240
953
377
696
357
442
930
431
810
852
386
0
227
925
338
611
657
163
12
1000
91
497
100
132
148
614
110
494
110
641
279
853
721
956
518
171
226
472
372
24
661
103
450
701
743
506
170
850
211
131
488
470
199
712
875
314
771
634
787
243
260
880
281
275
978
274
100
675
722
420
107
516
654
266
349
126
675
282
392
929
629
116
854
203
553
261
632
848
802
667
425
504
399
251
346
367
331
969
239
959
841
90
280
368
824
586
97
74
843
105
350
563
713
600
775
912
542
413
109
801
855
918
301
128
639
162
505
383
419
821
324
398
789
442
793
217
633
355
442
834
431
841
861
85
478
714
850
569
54
279
190
660
859
623
287
366
734
42
496
637
149
503
249
92
624
240
374
601
384
449
667
438
230
685