4639
1856
6081
3573
4900
3255
3030
2140
2391
6264
7444
207
1071
7854
1471
2117
5478
6094
4252
2572
6128
1683
6383
8086
4452
6484
1552
9631
4488
8793
1652
5843
3635
8001
2198
1339
9150
5294
1957
1408
2567
1323
9188
8872
332
641
6286
2579
7601
9125
6824
3258
6206
3327
7224
1189
4174
5945
6327
5792
7159
344
9715
5860
4396
7964
4260
314
5391
5979
1302
6696
4102
9624
6579
5046
367
8563
6554
3918
5894
447
3093
6181
6434
9890
2610
3911
3278
896
8950
2876
4106
4251
6145
6897
2595
6009
2696
7617
5036
8111
4430
5393
1754
7887
325
2723
3298
8697
8331
4364
2653
3938
7870
3754
4289
8416
6153
5191
9274
9
4718
5392
7719
7025
6952
3136
7727
7326
2431
6773
679
8734
5974
798
2137
1646
6931
6322
1915
4203
1617
659
4079
8077
2321
5563
391
6146
3743
9709
1621
1190
6664
5414
5479
3640
4875
4387
4974
4263
9851
8741
3579
1911
2336
7283
6070
6979
4591
5355
1627
4249
3038
9310
1859
5012
662
1437
2952
5781
3946
2786
8255
9057
5489
1578
3355
7960
5192
8751
9149
6210
8922
7464
7226
6316
9515
1813
2995
7076
99
1321
7135
2329
4760
4823
5930
5398
2156
5514
453
8970
1087
8870
4055
3394
671
2330
7884
2024
6356
6768
8696
5686
4149
3842
5285
9853
5458
1115
1623
4300
5220
7439
4233
8519
1936
969
5892
5596
2269
9451
2098
7889
8731
9654
3362
9546
1018
9544
7399
5712
5029
6691
2567
2685
6691
8046
8082
186
5725
4896
6664
9825
3270
3546
7710
7167
9636
1480
1163
5746
9134
3887
7866
7498
7213
8722
5228
6262
9921
224
7360
6332
8120
6621
7158
6603
7327
5635
7482
7196
1227
7152
8555
1691
577
1989
9765
3919
5352
6999
865
5893
8393
3960
4966
6955
207
3673
6232
4402
5443
3972
2649
1828
4101
6415
4235
8273
2874
8503
4132
3194
2513
4627
9566
5069
1381
8667
5603
3574
705
6087
9497
5143
6282
9537
3901
2506
3183
9384
2803
1229
7275
6075
8589
2060
1827
1349
1884
7441
7000
7749
2808
7243
1810
8742
5841
5535
4653
8005
5238
1084
9808
6789
5288
8087
4624
8418
3373
112
8737
886
8367
658
3130
6663
8630
8783
7862
6338
1057
6028
8804
7860
9042
8591
8387
6038
9348
9652
5158
7999
4618
3897
9259
8726
2189
8264
2990
3187
3429
7889
5975
9566
1944
183
5231
8723
3207
5072
8047
6516
7290
7913
689
4970
8460
5293
9210
6422
4688
2394
6441
2410
5130
4488
9132
7414
2378
3513
5998
5345
6665
734
2451
5732
6395
2169
4093
3252
9593
9152
8381
3768
5855
5574
4801
4270
8195
584
9695
6388
1204
6184
9114
7056
8108
2072
8819
7442
8081
1897
9943
6607
3848
8296
5563
9888
9479
8806
3473
1120
1824
3835
8273
5318
1025
5415
5213
7190
6981
5799
4358
8170
1321
7561
9218
1683
9870
699
6318
333
1475
5676
5934
737
2498
1303
7563
4997
8087
5236
4767
7457
9478
945
4967
2855
920
5641
2503
5272
9183
5365
8340
7121
7126
3595
1588
2113
2844
6027
7773
9101
1746
3212
9915
6850
2037
3991
2485
5288
6081
8508
425
4120
8673
2150
640
2067
6452
8200
1642
7348
9969
1865
2368
4722
238
3782
7616
421
5073
336
1535
3960
8059
501
9183
4622
5932
4586
2090
5756
7754
9017
6807
1170
9770
5847
1743
1140
9107
5723
9803
7727
1963
3965
2114
6872
3159
4618
7214
6459
106
5160
8163
5031
764
8764
406
4206
2061
1879
4786
655
8132
3448
2820
5336
1608
7227
7487
2601
4196
6860
3468
5522
4410
9019
7171
6444
1456
9956
2732
1739
6652
2143
7089
6980
7457
1663
7382
6690
4387
7725
7106
2695
7811
6696
6636
5330
282
4394
6262
892
7245
1996
4097
8227
7052
9901
1478
6802
8799
5115
3860
6024
8324
9362
6012
6341
488
5057
1349
3068
7958
2371
6796
6615
7889
4482
629
7399
2299
2260
126
60
1248
8732
6310
7804
3000
4857
4453
8509
7147
1085
4452
5983
6672
1562
6649
5376
7171
983
3223
5631
6879
8957
3053
6988
2948
3589
6552
4478
115
8686
456
114
1685
6671
1697
9649
2295
6490
1115
3461
7631
6022
1430
1169
7550
955
2420
7255
3612
7413
8668
7865
7767
7316
541
9327
7364
9555
8937
5591
2849
2208
8428
846
9143
2757
9172
8381
1704
5909
7523
5750
6581
60
6698
982
759
4672
5749
1291
2597
5766
5870
9220
9120
6162
6240
9449
5073
8455
891
2081
8578
3099
6667
2658
5104
6217
3384
8177
126
6803
3045
3186
6575
4978
6797
20
7643
9254
511
3817
6965
4986
8610
3779
5382
5653
4382
1029
2947
2117
4881
4089
7206
2193
8971
2697
5348
507
8614
7185
8853
7425
107
4461
6147
9916
2062
1986
2738
2585
9798
197
1650
2581
8502
4878
5848
6966
7464
1422
1947
8222
3751
9556
1684
1458
105
1529
5425
5173
7189
1085
5279
7596
6164
5903
7759
4889
8127
5789
8280
1281
2059
2765
9056
861
8216
8229
5810
6872
5640
7533
6194
7059
5360
4534
9799
7455
3685
7265
3754
7659
9072
9670
8239
386
3434
7103
6595
5759
7988
6381
1101
9555
1479
1771
9557
3667
3874
7465
7152
7143
808
1323
5507
8075
4224
9283
1859
54
5812
2389
2474
5309
3808
2539
5418
6954
9499
2902
4373
5408
7522
1328
8361
1079
6743
6852
5642
2608
1658
2804
1187
51
4777
7538
2624
1420
5982
4572
6014
5130
2186
8047
2391
8404
7963
6766
9445
4387
1337
4244
2911
5803
2624
4554
4583
758
1861
9365
7645
2721
6040
6444
6338
1938
1038
7818
9279
5249
3972
3781
2414
4665
8823
5634
2448
3101
3846
5828
1159
2692
7003
784
7009
5176
9805
3081
3717
4596
6475
2785
8508
3310
5177
6759
7266
2863
1407
1349
5884
2345
2156
1970
6369
5431
8395
7710
5435
306
1550
5884
7550
180
9353
3736
6025
2073
8703
3683
3087
8391
6856
3184
8283
5769
4975
8145
715
18
6861
5144
75
7892
8003
738
1427
3726
8031
2195
9319
5230
4454
1475
5478
144
952
9101
7210
7471
6384
2248
4219
2377
189
8561
9805
108
4638
4783
8496
7222
7251
7901
6697
6857
8189
9774
4689
44
9492
1277
2931
7486
187
716
9002
549
1040
3584
1750
9428
9544
3055
2331
1456
7109
9618
7055
6019
594
5230
3927
1407
8467
7526
7724
1156
4545
1239
3127
5202
8366
1165
5626
8354
6429
5015
8183
8253
7966
1980
3951
7984
1730
3197
1625
5679
8313
3709
7441
1846
1404
344
6520
9513
6602
6844
5797
3190
2538
9483
6740
9924
1316
4674
9421
8863
800
8864
5786
9470
1546
9106
6656
6112
1703
6637
4627
6327
1078
3475
6471
6741
8319
5571
4427
3736
1723
5413
5530
4846
2441
342
1627
9905
198
1133
6189
3673
8832
3872
5476
6137
6571
3771
3817
7383
7102
8015
6542
9013
7415
7
6341
7473
6805
2240
803
5024
8356
6795
7343
426
1669
1466
9626
8154
8543
6976
1656
2553
9835
707
7908
2838
1623
2426
3920
4008
6519
3931
1218
6682
1828
8256
2605
8430
8630
5103
115
6805
177
6814
2311
1806
3331
4090
3535
8214
1662
1192
121
6562
7030
7443
7518
8258
130
8360
5169
4335
3933
450
6428
6404
1296
500
8001
9514
12
4846
7269
2632
644
1601
7390
4281
9476
5046
281
1123
2379
5289
312
5062
9117
6884
8792
1017
2412
568
6903
6893
6145
4846
2134
4990
3204
687
2188
3982
2779
5473
3441
5446
8315
5545
1640
1109
6738
1300
9381
4627
1440
9974
3319
8824
5009
8437
7048
9749
1033
2505
1710
2821
3088
8173
9160
3789
3620
361
1889
7722
5902
4519
5541
454
1926
6571
1761
125
1278
2285
408
4769
3844
1748
5696
6894
2179
8383
7619
9704
7163
1856
3769
6216
1709
3944
4062
5838
8926
3298
3702
4638
6807
278
9410
6390
5571
2705
4016
9830
9946
7198
5003
8938
6337
2193
2775
5237
9242
9576
337
7129
1313
4233
37
7172
9195
7933
7661
6504
8862
2529
9471
1620
3069
6472
3128
394
9010
8121
66
2154
5550
1172
796
8843
9445
405
9306
9442
6748
2797
5948
2336
9396
3860
1207
2743
8414
5153
1136
7562
3224
2044
1096
8540
7104
6093
6226
4511
2980
2629
4891
6078
3240
745
5574
2793
9891
6751
4612
8902
859
5077
8900
3777
219
334
894
4917
4352
3357
7932
8295
8319
8425
3298
6453
4778
1317
1439
7175
7993
5257
4791
4101
1009
630
2583
61
1070
5456
4006
5065
6601
8886
6672
6495
163
3179
5672
7876
8948
7245
1874
7577
5475
3637
420
3287
7809
5329
9928
1703
9486
975
220
929
2082
1658
4393
4552
4412
4211
8250
9004
6138
1529
7350
1575
9302
2749
110
9817
1530
5658
9212
5423
7678
3733
4421
9894
7131
7479
6874
6261
8908
2892
5172
3951
7408
6003
3887
1917
2613
3668
6812
1961
6357
2967
6178
5379
4987
7853
1567
9755
5495
5170
5510
4160
6375
4103
6918
5728
9760
641
7322
1114
4123
9748
6790
6994
7594
3277
9205
8
3765
8285
1342
7392
4205
6281
6050
6533
6595
8365
2159
8876
4902
1276
2154
4749
8569
1420
7014
3832
4471
8675
6695
8439
2490
2106
1824
6956
8165
2841
9049
9835
2449
9221
9991
2732
3196
3331
6687
6223
1261
5916
6944
116
837
9990
6624
9483
4874
2724
6125
3285
4504
3331
9402
2645
8958
6313
8704
8037
5649
7271
2227
9553
2308
7774
3808
2667
7677
6009
194
8124
5088
653
4185
2284
4170
9499
9926
923
9509
7376
2406
2019
3096
7549
9971
5432
6834
78
9688
8044
4536
2531
8356
6815
6384
8439
2919
4001
2867
4335
2870
5150
7501
5795
1538
4861
4831
5749
8092
5844
2052
754
9738
7126
7709
4367
6582
7032
7881
732
1090
9860
2898
6660
4164
3356
1067
3583
9380
432
5901
654
4754
2610
1369
5298
6471
8132
1810
8881
1919
5696
7603
2201
2777
3067
3274
3301
7125
7863
1857
4810
3583
7139
1338
7021
7432
7369
1364
4492
9804
8368
4791
7727
813
5734
3829
5803
1537
7524
1045
6034
2632
1008
4675
1964
7935
9035
7640
9405
4419
8254
9693
1393
5659
8694
4628
8222
5453
4073
9762
4053
6543
6158
8686
7528
8812
363
3946
605
4162
1118
9413
1483
3923
5253
4739
1602
7194
3639
9581
8411
2888
3172
1794
2754
4540
9265
6953
8903
4654
3011
1803
7953
1385
2508
9002
4432
4485
3709
3528
8992
2079
2147
9856
8829
8840
5379
9207
9066
8628
117
3024
7801
8704
9635
4597
2485
5338
1143
2013
1045
3374
4325
3117
8594
6418
966
5374
9701
4184
6890
7726
8673
4354
9576
7222
9435
9524
2614
8351
6959
6535
2390
1977
7486
2464
1274
9509
444
7661
2171
5660
5209
8245
4190
985
8902
654
7405
317
5734
7290
9994
3679
3872
6190
4449
5232
6160
5031
4238
3064
6555
1792
8901
7068
7485
7794
5309
4982
567
6447
1361
7680
2320
1285
8180
6286
9628
602
8967
4107
1341
684
1081
6503
7022
114
5402
9552
2260
9053
8358
998
8804
6145
8974
3848
8454
5710
9102
8839
1981
3982
1976
8584
9509
8437
1312
8621
3317
4412
1699
2975
8443
3793
9862
7637
201
9870
9154
7684
4501
7592
6932
5256
516
8870
9890
5181
1667
3543
8342
9899
7581
3487
6532
5251
3589
1265
4177
2089
7450
7830
1810
2918
7038
2442
4231
9741
9623
5274
940
1729
360
1143
3158
985
9988
6298
7847
4012
6948
8838
5320
7985
1595
9277
643
5093
3684
8733
7609
3181
723
2356
5306
1425
4064
6810
9341
5823
7687
4125
4548
5511
8085
5754
1419
8851
2406
9398
6125
6981
2783
7802
1261
8934
5408
4687
8499
4767
9920
2130
9113
3338
9873
3042
5089
8059
9436
7918
2744
5208
4068
1827
3366
257
29
7208
6207
2081
1171
2838
2813
8427
1954
5215
9047
3074
5887
4979
695
9278
969
4695
1384
8522
9352
2033
5060
6187
7059
3881
9929
8052
553
3444
4267
7889
7790
9000
7915
398
7917
1342
8972
7391
5816
6727
9712
5762
8738
8812
2635
1303
6304
4381
3357
1016
9385
1738
9516
3865
4101
1472
7006
7771
9507
260
4955
6383
2473
9613
5453
3998
9527
5053
4208
6378
60
449
395
6795
4077
1449
6071
131
3263
9953
109
2834
9329
5621
6032
2337
7393
687
3771
6627
3943
2279
625
7060
2447
625
8973
5779
8460
2197
8368
3902
1013
4188
2844
9708
7319
3011
6097
7000
993
2672
6663
1065
2648
6745
5014
157
1617
4609
9633
1095
6905
339
4086
6109
6528
1697
7243
1176
6536
3217
7906
5562
9085
7645
9047
2111
3349
8752
9930
332
2150
9157
1443
5125
7985
8259
1643
912
20
6598
9596
4207
6471
9064
868
5876
3263
8524
9754
846
5567
6219
312
5657
9521
3492
4963
4837
5739
9769
2218
8463
3127
6305
4703
5942
7810
555
4205
3036
5834
1995
3412
7375
362
8052
7810
4990
7824
1491
3181
4196
2230
9854
9120
8418
7865
2346
333
2119
2767
8984
6734
8726
7156
6301
8260
9995
9657
2529
9430
7538
6213
3618
1271
1360
9711
2841
7410
9054
1743
2125
413
370
4682
1850
6178
3009
8399
7693
9001
1667
8767
7844
9996
13
6216
472
7178
6944
611
5192
2036
4584
2577
7169
6166
9174
7522
1936
1632
3684
7041
2956
5311
866
6369
8209
9110
7069
1902
4703
5037
3613
8470
6917
8038
8959
144
2129
4421
6133
855
5856
2385
4764
5339
717
2521
7817
9825
2533
1486
3813
6420
3042
9743
8823
6176
6955
7900
9706
6105
6851
6151
9352
1275
7214
7265
7711
7776
4738
6373
229
8318
1448
4803
9204
7758
7342
9623
5778
5054
4482
3304
6125
8929
4160
5273
2093
3615
2576
6965
4114
2213
7502
5330
1410
5291
7858
1981
6426
1269
6918
6424
7716
8054
5914
1060
4076
6055
1843
1022
8795
2585
478
2468
9118
627
5388
9574
1625
6833
1769
2825
9352
9820
8210
3808
6455
205
7707
5716
4902
4038
4136
4327
5763
7057
8613
6403
1012
826
8165
3353
1656
4896
4003
9225
2777
9629
1608
8268
9594
4858
8792
4014
947
4359
8480
3628
6371
5333
6276
5985
286
3522
2344
1182
9805
2709
1415
7491
537
7149
9021
4343
716
4857
6151
575
6168
7223
3330
9646
4711
9938
2916
4441
8524
6471
2513
7213
7592
2181
2719
6375
6097
5124
3190
6933
4559
6677
326
9657
8174
4901
8387
8098
1872
7435
8337
7002
4346
4466
5336
5594
4062
5771
4696
4381
3018
9308
2815
8400
2026
9734
5684
701
2707
2059
3047
7820
9604
1355
9821
7150
2493
6424
4834
9575
9834
7611
1723
1438
2102
528
8815
3233
3470
5538
5424
2766
6623
5590
796
774
4067
2387
6918
1240
2670
5294
8235
9876
8554
6076
6606
7020
2301
7917
9086
640
4722
9758
3333
9852
7332
9740
932
3068
9502
6910
4015
2777
6919
1527
4219
709
1376
7089
3876
5808
9663
4003
9722
7761
632
7240
6896
581
1750
7089
8901
211
4566
8336
4847
1118
8480
5800
9269
9709
1372
379
9832
6300
206
2644
8411
7697
1733
6353
3339
2145
4429
3664
8057
1806
161
7914
2013
8529
4011
5341
9545
5120
6209
3583
3182
6851
4363
3890
1245
6951
171
8887
5595
6282
6871
6472
9724
3697
7980
2925
5408
7626
8951
4676
8367
8528
1972
4881
7813
3336
5593
1097
8056
3767
7506
6358
9752
809
2382
3188
6546
8947
5539
765
8962
112
4856
1752
6272
2239
8247
7892
5264
87
1931
8909
2833
2291
2287
8399
6446
204
8951
1979
7423
5603
7143
136
1197
6110
2051
4831
8556
1137
2901
9382
668
9829
7353
4214
6319
5456
5055
5027
7475
6926
5741
9706
5691
3979
9053
7244
1162
2850
2494
8922
8366
2032
5454
7556
6649
9562
1813
2742
2323
6191
4137
7747
8109
3333
7497
1312
6102
3809
4312
747
3454
5321
7125
3362
309
5126
8815
5387
8849
2145
7807
505
1536
9407
6392
2246
9995
5177
1179
7737
7220
8626
658
326
9786
4609
5127
2462
2357
9731
5340
5997
9301
3168
2609
7584
2821
1492
600
2595
4516
4217
1826
589
4372
2867
5886
1687
8370
5598
178
5281
3674
7679
2094
3352
5199
623
7038
9021
9384
2591
7555
5595
9257
6538
6596
4346
5966
751
2320
3706
1385
1392
8955
5581
7280
108
9202
2892
273
1903
7939
6829
297
6695
7955
2611
221
4781
9567
3582
5414
1100
343
7656
8163
3527
620
5445
559
4212
4963
462
6138
3682
805
9916
3123
9523
1445
7257
2067
3496
1535
2646
5075
5368
4038
4850
3286
7359
2237
5202
8138
1348
7144
1542
617
2185
5591
3802
4732
498
9311
8791
7615
2030
769
7631
7395
8274
9229
9317
8691
7152
4259
4395
183
9304
9161
8024
1689
5724
4819
3153
310
5529
2218
1296
8342
9440
589
9329
4317
5138
8282
2945
2844
5345
4054
8922
2485
7973
8719
2220
2478
9972
8463
8716
884
7020
9862
4075
8401
2328
5720
7681
493
4429
4287
6515
2880
4104
4648
4081
1009
5913
2103
7551
3276
7126
6574
3868
769
5689
7002
6028
7567
3360
1064
3506
7249
8889
535
5965
7126
3055
6758
3606
6827
4619
2076
6545
8666
7640
1857
1961
4911
8156
6355
820
8341
3726
9605
7613
6105
1772
2576
9784
2398
5515
3924
3043
8294
2146
9967
3985
5429
8457
8463
937
1616
1867
3474
2135
4946
7628
8075
2038
530
3935
6373
2149
7849
4364
47
8695
6305
6241
9651
5827
7520
2785
8745
9335
6013
7835
8395
2008
2865
2107
5002
4004
4639
7093
6323
8234
9154
7929
8019
9930
6881
9818
3742
6864
6617
6005
6168
2850
4024
619
7257
8180
2852
3560
9285
7408
8579
4112
9896
8134
1503
4282
3953
9762
4814
7173
3108
2885
4532
7521
440
8205
7001
9603
4252
5042
9799
3524
2474
1339
7541
5392
9227
2372
9182
9454
8106
6338
695
9042
5597
4761
6044
6796
5694
3536
1962
6426
3748
8641
574
6518
9076
7006
8057
2677
1463
4263
429
126
8989
7984
7788
8301
3007
3081
2347
893
4946
8231
6951
4066
9747
7087
6343
8052
3615
7181
4479
5887
3373
1136
4188
4692
5196
1818
8416
3538
2812
1821
7989
9819
7215
9643
8532
5810
7179
5954
9210
9705
5308
4034
5551
4013
9863
9959
9236
7878
4454
2518
2788
5715
7402
5592
6916
5807
4863
1173
1264
8296
7029
2239
6711
6896
2940
8638
7388
1396
259
6155
7973
3445
3909
6507
1516
8580
1103
4511
5500
1507
6504
6102
3020
8915
5643
6159
9933
4447
7786
7975
8164
4505
9469
8556
5999
1509
8973
4309
9703
6704
5768
7289
6470
3998
6194
804
2728
1416
7954
5029
2312
6571
7935
2511
9995
6532
5062
8868
5883
7874
9507
2410
8351
2584
6605
1074
6273
6068
398
4353
8960
8456
4259
8699
9410
3605
4709
2522
820
6676
6602
4811
6523
9526
1636
332
3666
2300
1569
9299
9578
8727
9803
360
2283
8116
3838
5573
149
2025
8408
6080
9261
4990
4845
698
3584
835
7846
5209
3834
8260
1692
8725
3704
2659
2605
2858
275
9042
1261
7373
5825
8714
2541
7707
6346
8962
8427
4361
4757
3987
4478
5595
2666
1789
3698
4653
961
5865
3750
2405
6185
3293
5633
3684
2062
3750
784
5285
6170
6105
9111
5004
6902
4225
3330
7185
5309
8169
9770
8178
1519
960
1258
4443
7828
164
7723
6968
7576
4112
7375
9931
5482
9673
1202
5828
4560
130
5078
3101
634
8845
9766
6763
8533
8344
7837
859
4877
312
2653
8482
5721
607
6763
9861
1325
7870
6284
862
1100
761
8393
8385
3719
1855
2682
3452
5894
220
4183
1303
3281
8349
5002
2904
8749
3691
9266
813
7384
4420
5974
2739
7353
2805
4180
2499
7841
7778
3499
6673
8031
8260
93
7267
7476
4550
788
7723
6623
7880
9676
8306
8855
1551
56
9713
2794
9509
3774
867
5418
9839
3852
8242
8209
8357
2841
6380
9805
9270
6434
5623
4649
4971
8060
9804
35
9749
2105
9153
767
2865
4548
696
627
7561
5241
6539
2586
9583
5330
7873
2124
1618
4960
2944
4297
254
9403
139
6956
5527
7387
2895
8974
4371
8456
9980
2820
3026
6635
7242
1935
6268
1056
3767
3369
6249
1041
5841
561
4400
7427
7271
3454
1010
2868
4047
9684
1460
4503
5607
8904
8150
8544
3400
4335
7558
9628
8909
4117
1032
2003
5100
7523
6662
1560
4737
879
4420
8498
4213
3747
6307
7489
6872
5239
9290
3526
6825
749
8475
6114
2288
5152
3061
730
2239
5801
3050
1159
2323
7130
2264
7146
5857
1935
6613
1924
6960
356
7769
4150
3200
366
6742
4883
850
6510
8271
1608
8764
7280
5737
1889
1618
7049
506
3454
8928
4198
5608
7309
7409
4253
7463
6693
9750
8480
2360
345
8389
8384
919
4584
22
2844
780
261
2768
7650
3361
8310
995
4552
8264
654
4385
8277
3899
3645
8776
539
5275
4387
755
7417
2707
2948
5146
255
4652
9831
5630
8068
1378
2585
9146
4717
4054
7722
4498
7243
4680
9372
2588
2744
6990
7993
1745
7559
1959
6476
2056
211
9256
346
4572
3294
4580
2889
4562
1305
5183
9337
397
2104
788
2322
9174
1787
4526
445
9842
5330
7966
7504
4296
5481
7233
4516
3720
2848
4016
9491
7367
3241
2660
5375
6186
5953
1561
4925
8440
880
3122
2866
4197
9459
7353
9956
877
5808
3116
8881
3776
8386
2770
3173
6528
3540
8501
1742
7755
189
9693
180
3872
2171
7464
4118
2552
6518
9352
3111
4408
8735
9396
5373
1691
111
6642
3269
237
4867
846
9440
1001
5809
3679
3026
6496
644
3896
2529
5057
5137
7141
1970
8533
7093
6313
267
1302
3523
7040
842
5676
2176
5373
3084
9547
983
3070
1834
5093
1693
8851
65
5781
298
7731
5300
5258
3624
356
9409
6702
4236
2709
9335
7090
7996
8582
4159
5711
8109
3958
8765
5205
4732
6079
4951
5329
5902
8097
3252
6791
1105
4915
3872
4048
8945
1628
8851
708
3586
1156
3950
2119
8277
6720
1620
3006
5647
1547
8912
6207
8832
619
4604
8426
7058
1324
968
1892
762
8021
1007
2994
9701
6405
8845
9546
7920
4872
5643
4773
1165
9532
8629
1963
4244
6072
3547
6913
3308
5986
944
2567
1327
3577
171
5551
5441
3240
7012
435
3033
8782
2713
3343
4403
1879
7786
5156
2490
5112
4405
5478
4146
8093
2951
7380
9040
2159
8734
3222
9937
3360
4725
1281
2971
8979
572
6757
3633
2016
7918
3952
758
5758
7809
4392
2744
176
5116
7212
1706
6199
2640
5387
253
1228
3185
9636
6494
2091
4502
5600
7747
8789
522
3893
4842
8952
1667
6661
1969
4516
5417
6613
8069
7043
2415
4676
8190
1414
7723
7429
9492
9245
9518
8419
9863
5745
3091
3693
8327
9842
7552
4483
1251
8848
6395
1592
844
4247
6211
3332
2285
6786
1655
9510
1563
9843
3356
9334
7198
7914
2377
2135
3647
7734
2515
1687
9848
6658
420
5393
2700
3634
4152
8866
4988
5163
2389
2647
7365
6473
9615
2777
6870
8351
9440
5574
3598
8538
2706
2984
282
9368
3451
467
3513
7672
8157
2457
3368
3341
704
2409
8154
9042
5515
6241
4980
7607
8828
7937
7953
861
3651
4010
1204
5618
568
1189
3777
8660
2356
6911
8803
9739
2352
8060
1911
6545
8634
6704
6685
3708
6137
9585
4084
8562
592
7539
5365
4879
8695
6278
5207
1961
9884
5704
3318
2850
3536
7554
5916
6077
3809
397
1353
7099
3700
3112
8331
8936
1348
4773
4069
9179
7703
1112
8646
5229
572
2774
3319
5359
2324
804
3575
7164
2161
8433
1948
7454
90
7
2490
5560
5046
6617
2030
9009
5304
3139
6917
448
8412
5260
829
4329
8079
5963
5116
7332
4773
9064
594
6122
750
8896
8997
7190
5177
431
3915
3481
4874
4023
3562
9483
4459
3786
6306
6167
5716
1090
7450
7684
8006
4957
123
3070
8808
3518
1989
5363
1215
5194
6575
9834
8695
8021
3875
2137
2646
132
3513
1799
2536
7228
1048
2742
1512
9330
4723
5495
4690
4064
6779
1797
3151
5024
8611
5168
1766
3534
7878
9452
7912
9323
3711
9587
8005
6626
9314
6174
9170
1909
7113
4321
6812
8928
2440
6998
9777
9949
972
6708
2660
2521
6811
8615
5134
1386
5237
8950
2442
7374
366
1179
6108
7875
9938
413
5159
9722
8984
1977
7715
5437
7836
1076
1345
4620
1681
842
9729
6375
3897
4941
2887
1159
6539
2497
2719
599
561
1361
7871
1671
616
8554
4353
955
3641
573
9770
7457
3976
1278
6092
8823
6923
2146
5380
3686
8123
6038
9025
6693
3880
2539
1255
4600
2500
3536
5441
6703
7556
7157
6666
3567
1121
4290
9420
2776
8856
7853
6870
3017
1434
840
128
9968
4096
3810
9044
9904
478
8612
7149
8165
7776
5547
2260
8543
2196
7418
5422
8936
3240
3855
4512
2671
3248
779
3149
8596
4076
534
4797
1053
3099
226
451
8163
5407
7393
1042
9755
7785
7388
6455
7621
9284
9636
3729
4092
9459
1849
821
9364
5311
9856
5261
8923
2532
5908
8608
8543
4835
1228
2549
4635
8711
9020
1354
5289
3885
9883
1637
2472
4270
322
8664
5454
4355
8295
8811
5670
3576
1341
4571
4888
7949
1562
9662
5314
519
3412
1077
2559
9895
1554
7836
3543
2558
8577
5430
9413
8473
7244
4794
5424
160
7200
2349
9842
3405
7224
1298
7500
8497
5027
137
7813
5365
2878
9686
7292
7605
1929
3754
6832
1988
1335
7350
9995
8420
7266
1665
7686
8991
9791
2094
9093
5022
6100
8842
4286
3951
7741
1181
1517
4420
5287
1494
7537
7753
172
6171
7027
6723
2893
1812
3500
317
2679
5278
7079
9796
3745
3609
1938
9971
7811
1491
9835
3012
2416
9403
3217
3298
5036
9488
1697
8387
480
9327
8657
85
2074
700
6807
6178
2810
8726
481
4059
9938
5111
7865
1779
1587
3159
2500
6417
4646
6758
3015
5779
6246
5420
6312
7617
4645
921
594
1868
2521
7638
3440
7426
9845
4315
8379
1951
6543
5563
5950
5481
5628
9700
8002
4982
8409
5510
7943
3320
7072
7171
5309
4311
4782
6064
7928
9418
5635
390
3954
2738
3736
7950
7455
4665
9622
1547
2201
4543
1737
8214
9690
827
1944
2444
4980
2170
950
2158
6292
3874
8527
6811
9520
3841
4943
4929
7123
6308
2304
5956
2657
4254
6905
9590
3893
8453
3088
1283
9702
9113
1802
548
966
521
8814
7816
5183
5886
7906
1548
3240
3306
6121
4389
8281
5247
9930
622
3867
6783
1513
292
2715
862
2443
8367
4584
2767
7279
7271
1914
3090
3567
6879
2489
5275
9120
1924
843
9848
5456
9927
6721
4940
4016
4546
4094
2244
9831
7408
9658
6210
2559
3154
7504
2884
2277
4855
6165
4229
2308
5736
8968
8177
1332
9256
604
1215
5360
1346
1564
5659
5952
7978
3593
8634
4115
7535
5794
181
4493
1163
3745
5537
8646
4236
5318
9396
6254
9987
2944
9686
105
3436
7031
7941
5306
7321
7545
5536
6716
7395
41
348
1747
609
8081
9007
9302
6055
6758
5236
459
6195
6209
7755
3063
8411
2675
3216
2024
5653
7373
7365
8911
6357
6108
7358
7801
8683
2864
9000
9422
6483
4808
5398
814
9281
9659
1717
6438
3704
9816
3045
3966
879
1256
4123
206
4579
7555
3024
8525
6137
3678
6757
8782
8835
6374
4419
5979
3694
8005
8678
3807
9464
3658
4740
6718
3171
7807
6302
2206
6270
3623
3142
7725
8480
3839
6493
2361
3678
7020
6495
5091
7788
186
2866
9624
877
2114
740
5595
5668
3865
7831
6219
5692
9768
7472
3322
7204
3761
6774
1656
27
3876
9591
2405
2483
5412
4300
2426
6775
452
4882
5260
1693
492
6535
4547
815
5296
9626
2650
1967
8765
9267
1143
2827
6055
7099
4144
274
1864
140
5271
3962
7838
936
8941
6023
3011
9805
1611
5831
5017
2149
4322
9194
4395
700
7903
2323
9973
7455
71
4836
2935
5830
1736
7039
362
9308
8590
7607
1160
541
1984
1449
8322
1483
5543
3380
5323
5549
6009
4559
3213
3101
6675
7942
7682
1955
4619
299
3080
9287
1517
2325
171
5457
9183
9746
6435
2452
6092
359
2763
4240
2086
1240
6679
6
5252
170
3146
4677
1677
1673
9413
2817
2612
5422
5994
8031
4720
5732
8231
4548
5888
7300
2483
5521
3982
2891
2195
1174
1720
3963
8054
9445
1469
7916
4939
1943
1712
2379
8994
5624
9676
186
3095
7544
9516
7612
1067
8129
5116
4805
504
5864
7309
1727
4354
2018
1480
7222
8707
4111
6169
9903
2359
4832
2235
8406
1566
3347
7650
1636
8948
4277
1763
7743
7549
8752
7875
8047
2134
7326
8737
2393
705
3069
7472
6306
8629
1011
8227
9104
750
8752
9673
8666
7304
4770
622
3375
4216
9687
9418
7170
3645
5894
658
1917
8491
4336
4163
7724
7247
2441
4169
9003
620
950
3160
9689
7700
5192
5031
6022
1037
1761
1077
8593
4330
1365
2083
354
8254
7188
1001
7535
9351
5579
6359
7626
8457
1908
5806
3530
7904
4140
8322
6418
1271
8639
2899
2556
7688
4855
3799
7104
2005
7528
5745
7753
1983
9688
435
659
4438
2555
5962
9810
6808
2039
4859
4115
3264
5983
2494
5852
4383
9722
391
8961
8631
2442
6628
8541
8415
3712
3508
6918
2336
3253
1556
8495
4961
9829
4177
3452
9137
4160
208
6700
456
8531
5094
7293
5026
3740
7154
3928
6821
754
502
2360
9113
6305
3132
6763
9113
9690
1340
6456
1845
2274
3741
6385
5555
7809
6866
8192
6927
6996
8396
9737
6507
614
3957
7033
6459
5758
4047
8217
7000
2491
1525
9325
1435
2181
9707
7986
8853
6755
5594
8480
2742
8234
3795
5846
2240
6556
1426
7473
2507
4787
8699
3622
8940
11
624
9034
7423
3451
8186
221
7758
575
2041
6249
4732
8029
7128
8063
2119
8482
3272
5724
852
4542
1233
1555
4197
3585
8237
5003
6068
3707
5527
1566
5728
3917
3272
1368
8935
1195
5901
1778
6913
3834
6294
5257
8731
41
2546
109
6454
7259
8076
8865
8097
7634
7284
2228
8658
7375
4191
8299
9044
2958
5517
4713
9453
6376
9708
8021
6475
542
255
2877
4208
9769
6089
3061
454
9549
9848
8867
6031
1705
1986
7338
3861
3356
6026
2029
3897
5334
5258
9746
1178
7261
4410
3640
2754
3460
5778
3596
2921
4026
6536
1106
2482
5336
7510
4073
1341
8186
7927
8102
7303
1099
2947
1302
2726
678
689
1121
6130
1264
6768
5116
125
7266
2885
9926
3569
5404
3386
3939
6166
764
9049
8554
7834
5825
5275
4663
3340
2327
6434
5587
1662
2043
5844
5076
8130
6091
1727
1989
8019
3329
3967
8802
5597
6206
2207
9201
8725
4697
3052
8216
9891
4890
1539
8167
1563
2258
1620
7337
5698
7166
9436
3578
6923
264
4183
3872
248
8841
7106
8926
9731
7206
8939
4334
3097
3389
2065
7012
2721
855
7930
2007
2266
1751
3216
1890
8953
9337
3109
7145
7997
8401
2233
3337
435
347
9678
3389
594
104
6224
41
226
5132
9138
9760
7320
6081
1749
4801
5950
7108
521
4308
5645
3124
4090
6105
1978
3782
4125
1259
8781
1693
3641
8679
5050
2174
7929
3765
4347
7309
369
8135
7077
5824
2313
8006
808
6370
3227
1925
533
5641
7313
152
1732
1567
2393
8838
6705
7030
4770
5371
5817
6501
7114
8960
225
3719
8484
6109
1576
3755
8473
9476
830
1375
2751
5349
3640
443
11
4859
4252
3676
2867
1167
4805
3784
3752
2122
5692
9117
6815
5420
2746
3069
8412
8930
6288
3788
6969
4755
1872
5556
2328
1741
2210
6095
5262
839
1338
8533
9007
7531
3453
4079
1850
6647
9041
6360
4610
9368
4001
1234
6203
462
3621
8126
9955
191
8938
8375
1303
7785
3265
1418
8205
3890
7409
4482
6184
8931
5162
6187
9216
211
3746
6226
5890
102
8207
5125
4947
5717
218
2205
3331
5472
7575
7254
3870
1961
7190
4308
7832
9454
3473
2195
4684
9788
5910
3602
8316
6603
630
1902
6673
1704
4306
603
1910
7425
4359
5516
3382
6644
5387
3059
449
3128
9515
5962
2814
3150
6968
6218
1539
3619
2198
4359
3648
1914
2378
9986
7750
6130
3818
4716
841
3603
5632
9361
6377
1588
4004
7927
209
7395
6176
4735
6267
5237
5543
7443
6250
2670
7046
7274
5109
8791
80
3242
8575
8238
2955
6316
8960
9602
6964
5986
8311
5115
9551
8929
3164
342
6791
8383
8496
8505
1054
3880
9045
5600
4907
7658
7726
1351
4167
3531
977
4177
3286
1284
3535
8375
227
9706
9340
7231
6745
1435
1195
1619
9439
7021
8423
7999
1682
5279
6353
4314
9918
5018
9340
346
1860
5235
1149
714
9147
7439
9785
8728
158
9274
3031
9692
5827
9464
5811
5250
2365
1410
9603
9177
527
8166
5831
1272
3480
8206
5111
7564
6720
9736
1733
8352
232
1939
2084
4423
7839
6326
2118
3028
2432
7209
364
237
7395
6457
7064
828
5520
4914
9880
1404
435
8728
9922
1688
4390
3915
5428
9143
947
3308
3559
485
6841
2266
2933
9059
9554
4080
6647
7731
6335
8152
9018
2698
6423
3323
2475
7377
6936
6478
9079
9366
1935
1050
6556
657
8392
4381
6857
7450
8866
5118
6641
6496
3579
1450
7461
7270
5239
2411
2340
4834
9341
4937
9028
6553
9363
7076
8032
9601
3421
9748
896
3525
259
8154
2265
3561
1724
5227
2109
2611
6847
1899
4942
6413
1000
4760
4601
2694
6057
4503
601
4414
4657
955
5591
5562
8542
3924
5107
4341
7172
2033
8908
3324
782
8052
8875
2992
2646
9782
7229
2758
9071
8305
5526
5271
2244
5488
6210
5107
4962
1211
3934
9606
5671
8391
9135
8859
1746
6196
3298
1948
6673
8820
6664
9911
9868
3823
219
7767
5446
9977
3716
853
7309
2456
529
2057
3849
7179
9493
8115
3570
8571
7471
2712
9215
4855
9767
6582
818
691
9358
8347
2300
5713
6456
1872
8245
3004
628
1080
8837
9628
9308
832
4793
5290
7339
9825
141
5930
3666
9540
4976
2449
1644
6336
150
7474
5654
6660
2939
208
2341
4097
8619
7393
1418
3339
7853
3518
3630
1203
5647
246
6096
7031
3530
5180
8411
7083
2361
153
8855
3260
5387
6666
3395
6428
1255
9975
86
9377
7986
9456
5924
8468
2751
194
7377
3726
1991
8438
4289
8886
136
29
2698
8330
320
1740
4694
850
281
1490
3529
6979
2785
9342
5003
8478
5506
6936
4626
1220
2894
1184
1544
1878
820
7665
6165
9836
1390
224
4214
6203
3080
9978
540
9893
3467
1679
356
9127
6396
1040
160
3612
3038
555
1459
3186
9340
1329
6631
5142
1797
8870
3032
9819
9872
4065
5947
976
6825
8124
2357
2413
6925
5640
9859
5311
3093
1383
7286
8535
1251
6736
1279
8889
3612
8227
7895
4196
1558
4621
5019
4420
8069
8529
3140
2981
2767
8401
1146
462
7647
9921
3881
9885
872
8938
3057
5258
4316
2914
905
822
544
4948
2670
5522
3084
704
3112
9914
6444
2313
2569
7823
5377
5719
5084
9958
722
4528
1538
6106
2547
7651
9702
8106
9273
4820
3189
3027
3722
5661
3896
6182
3078
798
9426
7112
5016
4343
2101
1697
6333
1266
2140
1324
3594
6286
307
1823
4204
8267
5255
4647
3788
6590
297
1306
3468
6638
1145
9033
6841
4362
937
4057
2930
1908
7760
1078
6833
233
8171
1538
2134
5408
506
2201
6451
5805
6651
3602
8235
579
4490
5166
2584
8196
6945
1703
2345
4187
1218
2180
4316
5501
8119
9702
4639
3016
2136
9657
3857
7788
8097
6396
9291
6739
6117
5656
5914
335
6262
9787
376
7767
511
2124
8246
9862
8596
8804
7411
1837
5362
999
1232
7348
3374
6056
5838
3735
6781
1582
5115
9927
8544
5256
6281
4737
2018
7847
2916
6949
6367
2411
9094
5566
8126
6019
4944
8324
2655
811
109
7963
9071
9777
812
2190
4825
8933
749
708
3876
3716
6452
1598
8452
6095
3668
5369
8681
9279
3730
3396
8125
1027
3136
8113
543
2878
869
5568
1394
4544
9059
9852
1639
6608
3445
2992
4741
2416
49
4283
3699
9034
7859
1260
3776
9076
8146
7711
9534
7060
8089
2175
5390
9553
513
508
4767
4602
3145
1926
2273
6069
8439
3740
8034
765
6840
86
4661
513
7271
3593
3888
9159
4600
8937
6318
2611
2802
3123
3958
757
7551
1279
2638
6092
9568
7623
8453
4621
1891
4606
2812
7702
3069
4347
6233
3065
9054
7990
2881
3339
4537
772
3884
6220
9011
8028
3545
6232
7791
8800
5731
4653
3175
8261
8199
8557
5032
6511
840
84
6238
4778
9375
6015
2197
5211
3725
6912
8349
8712
664
6896
8345
9260
7134
9531
7759
2106
4663
2501
1527
3083
2949
6063
9409
7754
1255
6789
6476
6131
9456
5047
8694
2268
8344
3469
2415
984
8979
6671
8356
9792
5422
3277
1738
953
9051
2670
4882
4903
4434
9273
9338
3488
2325
6822
2382
4457
6304
2341
372
8235
4120
6667
6066
3405
6602
4873
7124
4557
6884
5340
5177
2079
454
443
9194
6653
2158
4320
8132
7716
7852
2063
1282
317
4173
523
9033
6343
1391
3980
4550
6926
4582
9158
3844
9413
2250
8245
8090
9653
6220
5522
6850
76
1665
9185
1706
755
8353
8122
6775
6769
7965
8933
2811
7295
1478
5390
3082
7651
7034
4079
6547
5081
55
752
4193
7178
9232
4042
5982
712
2466
6179
1217
6334
547
4754
1058
319
2960
7664
2699
4477
2101
3604
3812
7503
2898
9371
4788
6406
295
442
6234
3459
8857
1662
4953
8409
9746
9870
1140
116
8528
6994
7248
8708
3354
3833
5373
8370
1018
6171
7307
7423
5066
3758
1566
3394
6889
1146
9989
4473
4939
8526
8018
8043
9945
9652
5780
6256
8414
1101
5979
7297
1668
9889
9362
2456
7613
3999
5220
8355
7008
7514
611
6072
1520
5982
731
8573
1639
2005
778
9397
5365
8505
828
66
7011
2002
1771
923
2080
5114
3595
3030
5641
2458
5202
3038
3468
7155
2870
665
831
44
2899
6602
5336
6679
9677
2577
9660
3622
1941
8768
7202
4107
8496
3200
7416
9693
980
5681
3511
7917
8015
2097
1163
1810
6134
7282
1565
3314
4552
1109
8329
8517
9675
1240
9505
5329
4925
3116
9249
8079
6858
9121
5715
5217
1421
975
1811
2291
1593
2939
5343
6539
3879
3572
7570
5989
2544
2798
2245
2940
9093
1735
8618
9629
3480
6388
7046
8014
6266
3172
4933
4574
3776
2464
5183
7636
9726
2731
7527
5068
6508
6710
9798
9506
8848
4863
370
1503
4329
7146
1278
7206
3088
4679
8620
1326
2526
8961
600
1140
3493
5852
9396
2979
1268
9501
4506
3376
7688
9800
987
3565
4048
2390
7854
9834
7595
156
7525
1379
992
7099
434
323
3248
2694
5790
1415
9434
5136
5179
2189
8145
8703
4374
1933
6498
9676
7526
2722
8583
1005
4472
2560
410
3214
3105
9053
3432
8007
843
8524
2107
121
3221
4114
952
6221
3714
1018
1106
6231
2837
9296
5771
1966
6279
4853
1587
9010
945
6537
7286
7619
9740
3570
963
1879
184
9741
2006
4689
6104
1784
2802
543
2226
1416
4272
5766
1301
8123
9001
5899
2660
4912
4292
4428
5105
198
1444
5554
9406
9244
1399
8691
9749
253
4871
6388
7375
6622
6157
2097
4759
7301
3620
890
9472
7120
7310
6514
4843
3027
5920
943
6205
161
8574
3202
1878
4548
4274
3977
7870
2350
9874
166
6729
4241
4540
2144
5646
2939
8830
3572
4372
6884
1383
1452
9441
8334
524
697
9357
2808
6449
6970
6088
8959
8633
827
7734
4241
322
3477
7933
7291
3365
2221
7272
233
6229
3161
6208
8638
7640
1023
5242
9528
5509
3915
5127
2968
6227
6215
4953
1702
663
9818
2979
8519
8678
3343
1817
623
5468
7765
1439
953
3761
2530
8886
7193
9515
6784
1532
2742
7784
5668
3592
1302
7488
9993
9993
2053
5055
4386
8959
797
7177
5059
8193
1490
8691
5395
1903
1993
591
1898
4786
8656
3783
2366
609
3924
364
1054
4597
1063
1211
9785
4994
1344
3366
2766
7547
7237
1931
3950
1192
8256
7015
6809
7131
446
9006
3079
7073
1302
7160
3643
1315
3844
3595
1874
496
5646
4431
2348
5144
3204
6005
6681
9231
4068
7524
859
3310
1735
9768
7440
3634
2861
1418
1082
9107
8327
9592
8424
8782
2719
4276
1382
9309
7684
7779
320
8235
2489
5823
1053
1693
4410
2313
8437
7559
5590
4848
6683
3614
6742
4814
560
6
9469
5884
1978
8029
8786
1244
6712
2926
6106
5974
9799
6683
2131
4709
4449
7076
1153
3946
2127
6262
8280
6051
9421
4361
9340
2047
8313
8653
5605
8669
1497
9753
4548
1651
6726
1910
6016
6094
7101
1072
1720
3496
6998
4529
2613
2777
6415
2778
7701
2576
1241
3762
302
3748
2183
7171
5881
3835
2198
8047
3478
7619
285
3001
2253
4510
6806
5395
3401
5413
4719
8667
3631
2428
4509
8728
4472
6058
9534
1068
6456
242
5018
4101
6862
4093
203
4
40
2853
4113
669
3649
6200
6729
1007
4117
763
375
8659
1644
1057
3600
8884
112
6973
3336
5793
8737
3301
7139
8586
2486
7447
8733
43
953
6014
1936
1245
886
6923
9557
509
413
5915
7313
5427
5743
6481
2920
7465
2195
2341
7080
8841
5200
8789
6402
6807
1942
3921
3853
1266
3429
9511
1616
3163
3170
1303
8178
7591
4408
9450
2699
5422
9721
2795
3902
9825
9569
9313
2454
2543
4764
4090
4423
9595
5862
3261
1
4482
7433
4362
5080
8664
578
1651
4243
3697
5577
542
9953
2241
5022
2048
6642
6234
9886
5502
7109
7574
5709
55
2948
8245
7976
4454
8143
7127
9252
7101
7618
4018
1509
7935
9195
810
2564
5661
9700
8187
3010
34
7266
3766
9484
325
3586
1478
858
3354
2818
3064
4266
5997
5824
3769
8422
9869
5400
2796
9103
5240
6771
6792
4869
3951
3641
225
1520
9604
8490
2120
3245
5574
1614
2449
8551
9439
2010
7589
6012
1660
2815
3117
4634
3723
8312
3370
3935
4874
3328
4494
2984
1506
8525
1359
6448
2487
3438
4305
5371
8031
8021
7399
1855
9380
5341
548
9970
9568
1003
9318
8165
4813
9919
8975
4117
7224
3411
5109
7711
2620
6572
5
9003
5359
7861
5144
9021
6287
9280
1492
3693
915
6898
9907
7294
8174
9845
9244
9217
7932
3282
6708
4317
9939
5361
8497
5991
4387
2090
6141
8512
4825
2774
2932
6600
4263
8586
9908
6427
2899
8034
3518
6162
9558
3012
4371
2046
4725
4163
3517
8331
8270
3988
7965
7351
4764
6861
2745
1977
7427
9550
1152
3099
3216
5964
1909
1096
1348
9392
2509
2544
9058
1769
7095
8104
2586
2621
9310
1267
3480
1343
9718
39
8234
2477
8585
2914
2024
6772
7881
9852
1981
196
1362
9347
2872
2500
6989
1560
5464
5530
2685
5914
2354
253
2479
5391
5417
7038
4663
8857
5623
8407
9667
1354
6405
3721
7773
9755
5641
1224
9291
1437
8781
7756
8323
7759
1351
2460
1465
6446
5933
5953
5041
2097
2993
4134
699
475
860
1105
8738
7783
109
6549
1770
16
4775
2106
1099
6594
7753
6893
3480
5150
4275
6547
8001
2897
2186
357
8725
3909
8130
1757
9139
8434
4703
7284
1961
2658
6737
4957
9688
2153
879
8976
5737
7161
3297
8377
5840
1379
1041
9834
9739
299
299
5445
9667
3196
4941
5903
2077
6675
1314
86
8408
8122
7101
5213
8114
5967
5711
5411
8763
4625
8181
7095
756
9610
6666
7116
9335
2467
9755
7633
6339
547
7030
9774
2885
3935
4245
4887
4506
1290
6991
5818
3619
5113
4773
2944
2272
2352
3991
361
2413
3397
8727
6498
3771
3768
2877
2463
2170
6501
6818
3630
9750
2066
2009
3721
3648
5355
9995
4714
9759
5438
3342
8994
9499
1571
3773
4055
8686
2492
6085
2003
3992
1305
3783
3464
419
8072
777
3292
7915
7434
9926
8759
9745
5757
4344
6090
4579
7173
6240
4653
3624
1816
7748
6510
5407
169
7787
6236
8963
7595
3798
3070
8933
5287
5009
2333
8219
1648
4005
2608
7391
5479
1567
2227
8314
7107
7425
2242
8007
9319
9084
2619
1168
8987
2914
8476
6134
3843
2797
9100
1787
3133
8849
2686
5698
2851
6858
154
1061
154
9312
2584
3016
1522
4216
8751
160
6870
4352
8311
1543
3672
6791
3720
4943
6631
7083
8821
571
4703
6300
364
8995
9257
12
8753
787
778
3497
3293
8398
2438
8035
8418
7694
9304
31
2
2685
7528
3267
1310
6240
4185
1068
6121
4838
4258
4310
8424
4021
3641
4456
9195
8366
1763
6043
2409
9229
6514
1204
4546
4648
2211
7349
280
7002
9826
2198
6142
6178
2142
1863
5332
9396
2317
1340
3285
1064
9993
5298
3565
3215
8011
8678
4381
6311
1127
8516
9807
4516
2869
4216
1425
5460
9190
1435
270
3774
8922
3727
3740
3795
2805
7478
7668
242
4386
6181
3525
7984
1745
3207
9059
1216
6768
7704
2918
9435
1000
2895
5957
1094
2178
350
5451
8515
3366
5954
5877
9217
5978
5233
5914
8220
9331
684
5613
10000
8536
9883
5937
8350
8458
4025
5626
1510
8003
6964
1267
2461
6634
3844
1591
5993
8081
6856
9954
3625
9542
3212
8952
6707
9340
4202
7796
257
5877
3393
1053
3703
2554
4823
6877
6510
9127
9775
878
9538
690
1256
9455
2088
6603
5221
5603
9768
6760
2804
1837
9539
1758
6339
2553
4000
9341
788
3131
5486
8392
3961
1117
9954
2385
3577
8508
2025
8666
4404
1294
8010
4527
5512
1885
1234
8467
5990
6693
5521
7173
324
9687
818
2590
3068
3597
7029
8022
1364
6200
1475
9705
4383
141
5669
6088
2501
3285
7648
2913
8699
6443
4282
2311
539
1292
3819
3415
4839
7657
461
5843
5917
4762
9858
6651
5281
8188
7019
4314
8016
8119
8746
5434
5558
6331
3063
4970
4783
4031
9873
6664
7092
9890
135
5612
8707
6151
2382
4072
3943
9939
1229
7698
1690
1572
6234
4360
7887
5784
1841
6986
3642
906
4740
9991
324
7871
8405
8008
3086
8878
3056
3295
7809
8019
2540
233
8
6331
4865
9616
2808
2711
8231
5781
6672
552
1188
9133
5896
78
5587
3059
4366
3479
5270
5270
9179
5590
8677
4520
4612
7977
425
8782
4907
8794
9273
8493
4047
6047
6393
5430
1264
2795
4028
9173
201
5412
4350
218
9756
3015
217
9676
6174
7573
2009
8645
6701
9692
4340
6899
6051
1346
523
254
9337
2738
6301
2387
8869
1509
1589
360
2537
7440
9375
8705
4320
6122
3923
3290
5356
425
1613
7899
1317
2649
9323
3360
6365
872
5387
1579
3099
4665
2201
5712
533
9538
1403
4631
7866
184
518
6844
6247
6088
3304
7643
3926
106
9408
8042
5823
1587
8294
8892
7584
3669
4700
6358
3089
8747
548
8708
6345
4044
5841
6113
7314
2552
2778
6284
5699
8291
6527
15
9636
385
1151
1246
1320
7691
3466
7
4449
3641
8543
9874
9765
3536
8023
8217
4684
3584
2750
4943
6613
3359
2039
4316
4701
8662
4974
879
2578
9904
9878
9970
8714
9942
8496
8848
2835
4680
355
2929
788
216
5902
9209
7235
4102
9249
1604
247
6422
6920
7905
7178
2707
3287
3940
1131
4934
8734
5420
1870
9684
4067
2424
4099
658
4408
4014
4747
5958
551
8279
7597
7079
6601
9917
8046
456
6593
9967
9901
1421
3761
2670
8176
2668
5271
7242
6198
4446
7070
3281
2544
1822
3914
8515
7873
7716
8171
9399
4220
6221
4102
6994
4457
9530
1518
4753
6181
7317
5282
6603
900
6594
486
8054
4351
8614
1169
8880
7404
1595
5269
3983
9548
9095
3878
5149
4324
4664
8830
452
9534
3885
8801
3470
1182
6046
9598
2949
7194
8703
832
743
9984
8930
3190
7883
9328
5416
9885
4878
6666
4681
1427
2701
6863
9479
1676
8803
344
5803
8216
7643
5631
3204
7375
6375
5446
3385
8743
687
9167
780
5636
2934
2082
2505
6983
2050
4578
846
6479
8861
1221
4741
6609
6648
8495
7212
766
5565
5119
344
3272
9410
6500
8488
4901
7406
3719
1441
9234
4596
182
2317
6543
3102
4986
5302
205
8551
1386
9659
3025
9145
3995
3538
4461
7681
768
4651
4890
1096
1105
2028
6460
8224
5041
57
9827
7648
6442
9586
8160
848
6514
6143
8993
8723
4986
84
8558
9301
4282
6071
3815
8229
4635
3768
2593
974
3929
3164
3927
6046
1583
5123
6549
6306
2210
3085
1699
16
9723
1379
7444
7580
2719
8512
9985
7035
1982
763
1166
9118
9615
3699
2064
9111
2660
2438
6663
4244
3968
9152
6910
6778
7342
4511
4242
5244
6883
6019
348
3614
1289
7822
7206
9373
3819
4576
5434
6277
7448
6042
1944
7975
2373
6334
3419
9389
5892
2451
833
583
1311
3700
2340
1269
6972
6766
7904
8001
8231
18
8527
646
9726
7608
560
2902
5869
4213
8527
8527
9695
2072
4264
1226
5696
5883
8803
7881
8045
9222
3086
9983
6494
5999
2122
4129
8176
2074
6572
5608
3433
2006
2485
7695
7948
3763
7272
344
8592
715
2462
6166
9052
2120
635
9095
5666
70
4565
8739
6702
9030
4749
2021
6218
7440
2803
1105
9158
6867
7663
9498
6523
6573
5222
8475
4297
519
1797
8250
6708
7398
5276
3188
5449
7678
9220
3037
684
4074
7155
522
9376
3478
281
5077
8270
3510
9355
4584
7292
7573
7083
8800
7464
8252
603
7423
5716
6859
479
8495
6276
2747
1488
3647
3755
7657
7515
3249
3959
9756
9125
616
246
8928
9112
5628
350
966
3021
4545
519
9408
2159
6514
6396
2949
3687
1528
8524
8941
3117
6079
3247
3489
8789
3593
8576
3362
2859
7942
3021
987
7494
4322
9295
1253
1250
6238
9132
2020
8188
1597
646
7366
6971
8210
8098
1316
7607
9768
8050
2415
2324
2226
5957
6202
1835
2593
5141
6137
5809
6697
989
5210
6978
5247
8587
6068
3608
3628
4792
7537
3307
8411
6414
2231
1295
7722
5446
487
6368
6162
8033
1766
4326
7568
5228
1152
3244
4130
8876
4027
1116
4816
3783
5969
6358
4415
1250
4845
8992
2193
5300
2430
3300
9200
6802
4497
1163
774
5750
4814
4487
454
4253
9249
8313
7402
1928
6060
4930
6668
1051
3288
787
9297
1530
2482
1092
8514
6221
8680
8251
8693
5872
5182
7090
9772
6573
6529
1954
4228
7728
7622
3344
3769
389
4372
5093
3789
3225
6391
6930
2802
6355
8103
9064
5797
2398
6947
6617
665
7063
887
3755
8850
6024
7389
5244
3170
4481
4791
3882
4917
8924
1178
3580
5912
1348
8387
7821
8363
3850
2055
3843
4192
3306
258
7325
2918
6014
3479
7097
9768
3024
8605
4923
5417
720
8806
1670
488
4516
2778
3550
7061
9157
5517
8519
6882
7735
386
9580
7650
8500
5245
1482
3777
4148
9481
7382
6396
6355
6669
2425
2354
5245
8922
5374
4632
6668
7534
318
7286
9813
6942
1431
332
1458
4400
7968
6763
8871
8706
3036
488
6016
6033
9781
7014
4637
7250
9304
9235
9640
6362
2825
1450
6580
1562
9406
6577
7601
8427
2114
4087
7722
380
1587
8958
6610
9850
2238
6029
8038
3643
8316
7368
6565
9908
8066
2564
6241
5306
2239
968
7063
3435
7386
1678
3029
3946
1739
7954
8739
2825
3659
8960
3741
3851
1139
3627
9464
7336
2726
3435
1957
5484
2673
4599
893
9551
4721
7679
2862
6839
1637
421
383
427
9120
2730
3115
9549
9547
5828
7000
7893
2943
3391
9339
5604
7373
915
4559
4142
5467
6766
7880
4129
5133
2578
6895
8038
5395
4110
3486
7767
4071
7581
2650
7477
6118
1535
8072
5128
6664
7013
2827
1875
4647
1026
4813
2867
5372
5797
1660
265
2023
7357
1679
3742
7534
738
2853
2466
3733
7362
3370
7467
4136
342
1485
5567
300
6828
7528
5852
6059
1664
6418
1905
8937
3231
9586
2446
3884
5988
5391
6006
3351
9917
2479
4684
2418
4725
7717
5782
3897
1354
388
9585
5441
5488
2897
6150
9032
2691
6014
9289
4985
6039
5545
1264
7692
9682
8892
7274
3566
4781
6460
6698
1297
9659
1518
3701
3290
4586
8330
3629
995
5057
982
3378
4745
7258
1471
3771
1879
5582
6326
9462
6522
3496
9163
5953
991
7930
5162
1803
5628
8149
8054
6011
4929
7669
6469
1406
4671
1939
9098
6949
3591
9941
6666
1625
8308
9862
805
170
7288
2496
6654
1917
4885
5236
2317
7184
1028
7206
9632
3923
5306
8187
5693
7753
8032
7117
2154
7215
2657
5707
9687
5292
9522
5360
6900
6099
3270
835
1392
7362
3043
4764
257
3471
7113
1148
358
9956
4912
8468
9416
6503
2202
535
2839
9474
6833
9067
7009
4529
7135
7126
8672
4802
3789
4475
6044
6093
4481
1857
9832
1108
2028
6519
8123
5119
688
3644
8782
2150
3037
7888
9425
5171
7902
3827
2614
4582
7022
7476
8878
4453
6956
1946
8475
5825
1927
9173
711
3148
1241
2563
5777
6324
7750
4184
9260
1786
5381
8637
2360
2659
3889
4436
824
9542
6932
9864
170
9785
2863
3011
9022
7889
9211
8677
3794
8145
1117
2300
3644
8316
5976
7510
7766
2084
3794
1719
7514
5243
3175
4624
205
322
3340
8448
7571
1755
7160
7992
6857
8298
5611
8482
5444
2633
7356
9695
9448
6422
6780
3499
8277
6137
3612
4769
3257
1792
7359
5014
3860
7381
4578
5965
7382
816
3904
7817
3021
1413
2733
205
8773
5733
2148
9294
3061
2101
4313
2724
4962
2968
9080
6373
1402
3599
8856
3350
9211
804
4853
2541
8447
4214
3309
7496
6258
1913
5745
1653
7845
8110
7262
4756
7982
7928
6946
9036
8102
5801
6287
9502
6114
6119
7059
3082
7113
6099
7410
6864
3058
2446
5890
7887
5963
9155
4915
5210
4129
8047
2832
5080
3417
364
4133
783
7544
8222
8860
2535
9035
6050
3426
6159
4592
6230
9452
9972
6387
6721
1569
38
3133
4720
127
709
7232
2702
7009
9933
1652
5126
8114
5816
7883
5393
9238
4398
2727
8044
2615
5922
4987
9388
6381
1887
6767
8357
9885
3871
4423
9578
1128
4213
5476
4615
8490
2519
2258
6806
5877
13
1370
8474
4909
1900
924
950
8669
8531
6035
2049
1311
4437
3129
201
9131
106
582
2258
5233
7559
8521
7555
6205
6474
5195
671
1537
4699
7054
8074
9027
529
779
3950
5453
3652
3372
6654
9907
2564
9500
4700
1741
3739
4618
9844
5555
1729
8030
9383
8367
6677
5577
1650
5679
8847
3123
4213
5466
1058
6234
5383
1946
2597
2548
2205
6453
8632
2278
7665
3372
6025
6467
1398
3975
8945
3843
3635
1468
3876
4947
5014
9736
7192
9046
3945
1572
1418
3007
5597
936
6153
755
934
807
4580
4960
9945
5323
4369
5142
2165
4522
984
4684
1843
6997
695
821
6899
125
4214
732
8192
104
4014
2279
1871
7170
9550
1258
9145
607
6776
357
2464
4769
6933
7053
195
3424
5174
979
2273
7103
670
5136
6083
1041
5436
5532
2899
3186
746
9681
321
1838
4762
8096
718
2160
981
8603
4160
4896
2733
1925
6468
4514
27
7230
9105
8621
3470
2405
3361
5859
25
4834
4946
5706
9476
4609
100
7591
2617
9004
469
1339
9297
5517
8521
3392
3507
9967
8942
8891
791
8239
8251
7945
7766
5769
2813
2973
9537
7004
9752
6094
324
6739
5025
5049
9424
4291
3496
3298
3134
3087
1517
3853
3026
9786
8093
2150
7943
8149
6863
730
8996
1858
9760
2110
3098
6207
8111
6219
4686
8637
9401
6999
8180
2838
794
7092
2094
8965
3087
3408
7333
5209
4073
8838
8146
342
6852
5378
9779
9240
1626
1127
7388
3427
5040
7970
9326
6013
2693
5466
1772
4518
1150
8594
2630
7007
8823
4913
1568
1648
8601
8954
1469
6871
8007
8000
4618
7768
6231
9120
5856
5359
1350
1132
6944
1864
508
2474
4395
7496
9964
8522
3454
3587
5561
3515
7997
3777
2352
1070
623
6547
3509
6874
4888
8900
1746
4973
959
4361
2114
6189
3240
1008
9965
739
8432
2505
8259
4564
5575
1255
5609
9121
9156
8204
6159
2421
1573
115
7982
9011
4716
3829
6370
9137
8436
8009
4584
9817
7994
2331
8107
9000
9597
3505
375
3876
281
3607
1734
632
8993
9859
6853
4408
5179
4988
7502
8559
7881
4188
7321
4565
3274
9723
9602
5602
4956
6212
3515
8682
5162
9134
4420
8010
2526
5163
636
1783
9909
9722
8245
2839
7692
7287
7496
2175
5662
8970
9348
2991
8041
2540
5344
6592
4131
6379
9597
5316
2302
5689
7688
1250
8138
425
1761
7468
6085
8975
9724
9541
8350
195
34
9330
3465
4312
5939
9560
6700
2584
4114
7341
8953
4536
6385
156
2813
8421
9966
7226
3538
4351
8175
9318
2519
5569
2991
2167
3824
5253
2789
9902
1889
8856
2490
1328
3390
8551
4381
7676
1603
2281
6114
3168
9755
1699
3087
8564
3600
2500
9639
2843
1021
2251
4572
9609
3439
9663
5468
2890
3606
5295
6318
4595
9156
7742
1980
9199
5044
3687
7763
3397
92
4295
5172
1006
5914
6468
9472
7933
343
2465
7047
4813
4443
2221
4462
8829
5560
9499
4404
6076
1114
3281
9222
2937
2759
5550
6212
764
6413
6614
4957
1967
8644
6173
8782
5758
613
2898
8827
6594
7680
6449
7293
8503
5701
6748
8634
1868
4391
3592
1213
7579
8364
74
4927
1426
6688
1993
7762
5077
5270
6182
800
7261
5063
9315
1876
5565
2686
4055
7374
5369
8477
9281
4321
5186
3689
4761
3768
3315
9353
9378
8856
950
3354
9581
7240
4974
405
398
1207
4414
309
3119
7125
6393
3905
1889
1608
2134
5084
3794
7866
2968
3336
7407
1187
3928
2405
4657
7357
2411
8160
6929
5113
5191
7971
246
1805
1275
5176
826
9888
353
5765
1541
2177
119
9663
9523
7884
6993
5574
8752
317
9030
355
8537
2371
2325
3288
5873
6846
741
4831
3075
8550
3508
2410
8039
2141
2496
7386
8977
8726
1321
7001
5954
5025
8084
8353
2829
6746
8113
7683
2284
3760
4147
181
5187
5275
6536
84
2665
1018
3947
2824
3125
6718
6440
9230
4555
3705
4415
9490
7782
6677
5584
6346
1225
6683
3665
1463
8411
2164
7867
7686
778
8359
4590
6214
7543
7003
8784
7657
6147
7752
6956
2590
7590
6263
6770
1467
146
5774
7491
9021
7229
2790
2178
8251
2349
48
7992
761
3166
4784
5960
470
6506
8553
1562
1974
6406
7081
5241
7916
689
2942
2157
4250
7303
4975
9886
5002
809
7053
8623
5233
1182
3268
5138
5258
3660
4104
6795
2721
1275
9872
9077
2239
1775
2250
6242
2545
7119
1940
9226
787
7799
3643
6785
2826
3832
5750
7302
6054
5763
3398
1305
8419
8123
9684
2420
849
3817
165
6427
7330
7736
6538
7961
2665
2866
3193
9636
5624
3280
9943
8010
5536
9748
1291
8633
8022
8282
1702
3180
2923
5275
3585
292
9001
7522
8494
4597
8509
4258
2697
7324
1417
7523
9672
8764
4677
9574
2621
92
7431
3608
7089
6312
3881
8224
8862
6668
9278
2951
9372
4005
7198
6226
1019
5449
9026
3652
3575
3932
5784
2636
1872
7709
7942
5113
2082
1816
1529
5904
6551
4554
9601
1023
4351
4194
234
3043
7311
1052
1861
7053
1217
3712
7024
7631
2904
9818
8319
1802
3582
7542
4277
5126
2066
6614
2246
9635
4754
1730
3674
7462
984
2347
3095
289
1081
4090
212
5870
9197
9139
3627
2057
8356
7367
2308
4978
1322
985
6274
554
6936
